1.000000000000000000e+00 1.000000000000000000e+00 1.000000000000000000e+00 1.000000000000000000e+00 1.000000000000000000e+00 1.000000000000000000e+00 1.000000000000000000e+00 1.000000000000000000e+00 1.000000000000000000e+00 1.000000000000000000e+00 9.998980177066814079e-01 9.960385217436983352e-01 9.876275042350824984e-01 9.774947471764362517e-01 9.694417495590018641e-01 9.639825820875328466e-01 9.610046430220097191e-01 9.604878081429562009e-01 9.610359988912049456e-01 9.600547182423938564e-01 9.570505569105409727e-01 9.531402251796864400e-01 9.499406310052862512e-01 9.485599844507643930e-01 9.490755563529434946e-01 9.508037003188579694e-01 9.528774859555797505e-01 9.546485883434093767e-01 9.558476025657647313e-01 9.565790950665993275e-01 9.571668866104260376e-01 9.578968468848515494e-01 9.588434736853643781e-01 9.599098565521204662e-01 9.609746236194995905e-01 9.620051519751376956e-01 9.630661311192403318e-01 9.642316588950521350e-01 9.654808403462418198e-01 9.666736071624791871e-01 9.676011192335965960e-01 9.681639294132867724e-01 9.685229512971897936e-01 9.691181864665017187e-01 9.705180332807823440e-01 9.730826843067644782e-01 9.765656769163942874e-01 9.799477970897051415e-01 9.817955044325074043e-01 9.809924865885440992e-01 9.773015652164754874e-01 9.715361546383207703e-01 9.652992359539024347e-01 9.603249058924900883e-01 9.576248420796619198e-01 9.571242772074742833e-01 9.584635018338614199e-01 9.608819392814222926e-01 9.577544778738785736e-01 9.395645228701122731e-01 9.026219022533069625e-01 8.387743890159720106e-01 7.438428947244294376e-01 6.233098487885416761e-01 4.962080728462495149e-01 3.712074448008801930e-01 2.562140772951492784e-01 1.605584402901366337e-01 8.863152969443324758e-02 3.882680305888668720e-02 1.031681195107666052e-02 3.152718756259861583e-04 5.742591791553080848e-10 1.275257353306204576e-17 3.104431237212904411e-27 5.823285143643036818e-39 2.360471741708559238e-53 6.515450329481535601e-71 6.115402872128900772e-92 1.113275448523463197e-116 3.357791095120187676e-145 3.035193726214713158e-177 2.902092268745745814e-215 3.089293234814892399e-262 3.458459520888725809e-323 0.000000000000000000e+00 0.000000000000000000e+00 0.000000000000000000e+00 0.000000000000000000e+00 0.000000000000000000e+00
9.901556550670023160e-01 9.889556097335647777e-01 9.903676844297516491e-01 9.912073122557762961e-01 9.915860924152074540e-01 9.916680224327564241e-01 9.920269014858632550e-01 9.945439913287376088e-01 9.976965654575586928e-01 9.977282918822703017e-01 9.903845503242935111e-01 9.764481501035287003e-01 9.558277786416271571e-01 9.331612438338436899e-01 9.136355109368644589e-01 9.016311730260753166e-01 8.954062722095185167e-01 8.920626279491775668e-01 8.902275372321704072e-01 8.884011646642084870e-01 8.850034273881191016e-01 8.804965958140390514e-01 8.764345109884249529e-01 8.742144100395515816e-01 8.742809530705762944e-01 8.760998295860452645e-01 8.787194796467173719e-01 8.813178605245935993e-01 8.834434691087068581e-01 8.850277664959355084e-01 8.862820266776447742e-01 8.875108832796775316e-01 8.889077205937637727e-01 8.904853565542224514e-01 8.921714441780691507e-01 8.939232566350293618e-01 8.957461770966966830e-01 8.976292784001589364e-01 8.994907550639055227e-01 9.011682222573569323e-01 9.025185453542929892e-01 9.035758689094325335e-01 9.046393139527099114e-01 9.062486390438014849e-01 9.089597082401240646e-01 9.129181162072652622e-01 9.174917875401138456e-01 9.213507810371914797e-01 9.229812851632843707e-01 9.213390705317036078e-01 9.163204874414672130e-01 9.088704282887636321e-01 9.007378201833941000e-01 8.938880483474553884e-01 8.900248411332712939e-01 8.912683508643913788e-01 8.981061261200518064e-01 9.082852686602936876e-01 9.157547669361878473e-01 9.112966607817845066e-01 8.895691743934532880e-01 8.463553086728522468e-01 7.816146515386919180e-01 6.887693530551385335e-01 5.756786085367336936e-01 4.563896539672060992e-01 3.419468556474985488e-01 2.395201612292766347e-01 1.552147786725135703e-01 8.940291989398368999e-02 4.154695509937877951e-02 1.192335183960871979e-02 1.602805013345486940e-03 1.464708359759907038e-09 1.015895024522159182e-17 5.414568776408225231e-28 1.598187801552445376e-40 1.836323655427401159e-55 6.838575111670397134e-73 5.302419410783385009e-93 3.560180562942880818e-116 5.537290025838777946e-143 2.494627822926560112e-174 9.203301152596311926e-212 5.405877796131120112e-258 4.545300187953841545e-318 0.000000000000000000e+00 0.000000000000000000e+00 0.000000000000000000e+00 0.000000000000000000e+00
9.441920438219227885e-01 9.411915433992211755e-01 9.419357500047648157e-01 9.441158826166342610e-01 9.468327804093968902e-01 9.503706389620046879e-01 9.570742437904530275e-01 9.663011274266429806e-01 9.762266334379597899e-01 9.812336721260254135e-01 9.728687578848248529e-01 9.484741085723303877e-01 9.144058659243187170e-01 8.772049153810832500e-01 8.421667991264514264e-01 8.150539472334152880e-01 7.999522128959913880e-01 7.938810127288116192e-01 7.901393636679926447e-01 7.874767100055317659e-01 7.836822456433940598e-01 7.787515793240763484e-01 7.741351770793856168e-01 7.713364197109803255e-01 7.710600606332935758e-01 7.729289423144344306e-01 7.759424855621365191e-01 7.791331588824172982e-01 7.819172969201011458e-01 7.841248598741450415e-01 7.858935293170228320e-01 7.875198304241893821e-01 7.892693103120803633e-01 7.912355623197546706e-01 7.933868152342439251e-01 7.956730527314053170e-01 7.980546140150173162e-01 8.004635007819895787e-01 8.027823296499853045e-01 8.048298566948152155e-01 8.065200470986388925e-01 8.079722024464112140e-01 8.095817099658721983e-01 8.119581844484439204e-01 8.156320454354696325e-01 8.205744626702264899e-01 8.258973478908371302e-01 8.300871765504396205e-01 8.315866549608701419e-01 8.293521973313131568e-01 8.233450714691803451e-01 8.147038355715902069e-01 8.060785497742370964e-01 8.026510638087930305e-01 8.061230452021203030e-01 8.158687301822394877e-01 8.319168105560199589e-01 8.524111723695247944e-01 8.708795216268205852e-01 8.767062309595367031e-01 8.674269687212073920e-01 8.421589114157052025e-01 7.997745724052858218e-01 7.385880381284376517e-01 6.556177080558608372e-01 5.515847192862399773e-01 4.396275924997847251e-01 3.328463488725176278e-01 2.380406110966012956e-01 1.570243799370084070e-01 9.209981564463673442e-02 4.397507342055203411e-02 1.473071227942856880e-02 2.960358386322620335e-03 2.481377424127820734e-09 1.432297928304225377e-17 8.175036977724590573e-28 4.019408517437937501e-40 1.242282908534824342e-54 1.328268466343546886e-71 2.300560107301072417e-91 3.066614655522044445e-114 1.048640824046549701e-140 1.352995618966521574e-171 1.890071677604596111e-208 5.168685484197529598e-254 2.343632556994199218e-313 0.000000000000000000e+00 0.000000000000000000e+00 0.000000000000000000e+00
8.627056337365663907e-01 8.591499443069752218e-01 8.591190133854867961e-01 8.613916817341937815e-01 8.677446037207069418e-01 8.765870633742798290e-01 8.910870009535633018e-01 9.115027381286388009e-01 9.327398879446556768e-01 9.452498404734809290e-01 9.405778207335968588e-01 9.145769696455531284e-01 8.697252441201599460e-01 8.151493195712301576e-01 7.625942502016777036e-01 7.173189641852216747e-01 6.849725703662483678e-01 6.686730720116439430e-01 6.627756994497199239e-01 6.588447745978530667e-01 6.542679776415268877e-01 6.488616944596398151e-01 6.438960857004344396e-01 6.408157040779584035e-01 6.403735097142044808e-01 6.422991286206525263e-01 6.455942645176588890e-01 6.491855725421096235e-01 6.523985226990152153e-01 6.550336120111595051e-01 6.572191823236589459e-01 6.592334824120277270e-01 6.613387232021853412e-01 6.636585978669827801e-01 6.661880675637122939e-01 6.688756855578031901e-01 6.716629414743541249e-01 6.744686803329577041e-01 6.771591453889725942e-01 6.795634869388564869e-01 6.816109819968229067e-01 6.834545336885977651e-01 6.855381569557428278e-01 6.884959100933244480e-01 6.928180811897580726e-01 6.983753994275810895e-01 7.041984716193417926e-01 7.087070422344566856e-01 7.102329251556074308e-01 7.076442917234107011e-01 7.016898582537604012e-01 6.974423194520440461e-01 6.980645102662442758e-01 7.056462464105212051e-01 7.200270893123583704e-01 7.420457848424124592e-01 7.687057106427969133e-01 7.947268172817372189e-01 8.162949280663717166e-01 8.294255314264803447e-01 8.298051304952711593e-01 8.187524466106096410e-01 7.975482714053000466e-01 7.617484779089871427e-01 7.090258062650739435e-01 6.369461292291391796e-01 5.462803127658788505e-01 4.414172801714366101e-01 3.376387794677830900e-01 2.429657994106203256e-01 1.612034741499161761e-01 9.506394730720781061e-02 4.670698047107870593e-02 1.693577600939298253e-02 3.162108731563896980e-03 2.950494976768834902e-09 2.107836039261441598e-17 2.019037033640611718e-27 2.020102659728274390e-39 1.273188584666810299e-53 2.576265595277775705e-70 8.245053935331339621e-90 2.254151565026190312e-112 2.053865026445924171e-138 9.096630603211153439e-169 5.103077711033500521e-205 5.689053539040312753e-250 2.161184120542474256e-308 0.000000000000000000e+00 0.000000000000000000e+00
7.454682827168912507e-01 7.425798143873924007e-01 7.420650613266897011e-01 7.437252773329892097e-01 7.524111518056195713e-01 7.681205314651000648e-01 7.939706392443510730e-01 8.289764121409545217e-01 8.652439986501163638e-01 8.909876113426836719e-01 8.963646233715819589e-01 8.744133180007102046e-01 8.242647811748399223e-01 7.536392062415188109e-01 6.791947864942462498e-01 6.143019886163290089e-01 5.631973318881401402e-01 5.293195207299384863e-01 5.120019568225586681e-01 5.039564240890336277e-01 4.986443564779516335e-01 4.926034549259379891e-01 4.872390742943011888e-01 4.840098395653918972e-01 4.836497864400769453e-01 4.858466346146880777e-01 4.894754594135651282e-01 4.933171456022354961e-01 4.966724506077557777e-01 4.994094101020218890e-01 5.017220834821901621e-01 5.039052572462934254e-01 5.062046351771173347e-01 5.087221396800305495e-01 5.114361872554391564e-01 5.142910645787996948e-01 5.172409413722042215e-01 5.202284375993937449e-01 5.231304448724160006e-01 5.257624646802755430e-01 5.280097424188456845e-01 5.299957244097207587e-01 5.321841328855752007e-01 5.352472747607278647e-01 5.397736804867112603e-01 5.456728498723075749e-01 5.519741781729823327e-01 5.570182688114231340e-01 5.591961700826175719e-01 5.606115320448682438e-01 5.646200714061041515e-01 5.724622674891192142e-01 5.868226644828113958e-01 6.089918150236682814e-01 6.386718263333701628e-01 6.742272652560437063e-01 7.089080757735435334e-01 7.368043846695407906e-01 7.541097462115400329e-01 7.650170141555254766e-01 7.721156196136154115e-01 7.724479497050464882e-01 7.665983302740181360e-01 7.541343626921871435e-01 7.319163530039383136e-01 6.939418909531206436e-01 6.351601187330689902e-01 5.542454270743198963e-01 4.537333883730355621e-01 3.496151274872683068e-01 2.519269798772799662e-01 1.669376079755990616e-01 9.921304533836358686e-02 4.954091798331518304e-02 1.777430770923319955e-02 2.910542220064167747e-03 3.626788364043522062e-09 4.007406278100877645e-17 6.721744180923317636e-27 1.190461859892437885e-38 1.295587123282559497e-52 4.670662311669556366e-69 3.117608268770306203e-88 2.325799555355316073e-110 7.709780488146654261e-136 1.420992544060253921e-165 3.387929040539792686e-201 3.532140995743507573e-245 6.169868461338189997e-301 0.000000000000000000e+00
5.894177254653760745e-01 5.881689708201415234e-01 5.877339570151400849e-01 5.903470649904358769e-01 5.999137110858363542e-01 6.231045855782806342e-01 6.610514052745525282e-01 7.129921691747332924e-01 7.696357533367047532e-01 8.154034297060339664e-01 8.380736570579893074e-01 8.282864739119532027e-01 7.802462212957932408e-01 7.010643037703231384e-01 6.095101500935796723e-01 5.247539618306846787e-01 4.536497772910599857e-01 3.991399359129982338e-01 3.630023781976777220e-01 3.422681187884523690e-01 3.329024452342813079e-01 3.277357457622647741e-01 3.229998265534512192e-01 3.200619313153548195e-01 3.196401911303155541e-01 3.214767384508025461e-01 3.246194542716878684e-01 3.280446424578165598e-01 3.311089741289322541e-01 3.336221745338837641e-01 3.357066489268817899e-01 3.376277753852759411e-01 3.396356359849069251e-01 3.418482023370876255e-01 3.442606686762358370e-01 3.468239679921619745e-01 3.494822963706841756e-01 3.521582527428864795e-01 3.547242674273077823e-01 3.570173935593743408e-01 3.589701795275196394e-01 3.607284557957798343e-01 3.627156991521356399e-01 3.655366401246795682e-01 3.696588933205105509e-01 3.749591838003353828e-01 3.805138269161478792e-01 3.860731079624030171e-01 3.953098568969342641e-01 4.102080253019838585e-01 4.319238361862937081e-01 4.590391637353511411e-01 4.935989051571926245e-01 5.352672256717870836e-01 5.816743760251874562e-01 6.302567307782973582e-01 6.672109870764257877e-01 6.869735568472640219e-01 6.922288815720517574e-01 6.879868398715498490e-01 6.872990904629502351e-01 6.914067623353694625e-01 7.004539901997784979e-01 7.121326616324769043e-01 7.208375917645006847e-01 7.203220496700395437e-01 6.967005610828878037e-01 6.476963937113884295e-01 5.721658938913646297e-01 4.738960980019674696e-01 3.664724093766797419e-01 2.627126127457287130e-01 1.747876605248794291e-01 1.041488474889087912e-01 5.155008169914509358e-02 1.803583585427264574e-02 2.951100993897584797e-03 5.555288749878791744e-09 9.516512792668408180e-17 2.543852402916480524e-26 7.279929132215398209e-38 1.370084109172868744e-51 1.033150831717918085e-67 2.001194451962791035e-86 5.829592094906092754e-108 8.541287806953697357e-133 7.235599188208190363e-162 1.879710200660097779e-196 1.530296668650737897e-237 7.505075561620898155e-289
4.105822762355925137e-01 4.118318899700949554e-01 4.127711065677874824e-01 4.160274756756943138e-01 4.267249329108008804e-01 4.549770596520734123e-01 5.035164775004679072e-01 5.718371024811598202e-01 6.527812567461892534e-01 7.242234721390421459e-01 7.703487948608277458e-01 7.829793948809264936e-01 7.532972187760341720e-01 6.809031471543536274e-01 5.827195756280451056e-01 4.812746785508921210e-01 3.899929055495506836e-01 3.157005257812849908e-01 2.595247059854541294e-01 2.208725343971376376e-01 1.966862732177437900e-01 1.872807189139503448e-01 1.832258287063180946e-01 1.807865929827401630e-01 1.805457343348932930e-01 1.821745439200355976e-01 1.848009745692489325e-01 1.875817815831864188e-01 1.900082758700666341e-01 1.919322605372837387e-01 1.934737309099601732e-01 1.948911212447393404e-01 1.964158671070319884e-01 1.981295390581583882e-01 2.000044471396131285e-01 2.019970000053115666e-01 2.040726315906180866e-01 2.061720784928147976e-01 2.081930361199512136e-01 2.099775427124264127e-01 2.114506152865444077e-01 2.127162302667041927e-01 2.141189846128970786e-01 2.161901847651634401e-01 2.193921196831248588e-01 2.237001024829397555e-01 2.308884804710846228e-01 2.449271133746002416e-01 2.704435448104277051e-01 3.051987371555475170e-01 3.479633226053264750e-01 3.974765627518693223e-01 4.537100270262523494e-01 5.145932744863899178e-01 5.766246946386343053e-01 6.271626106635371789e-01 6.550047003513367327e-01 6.580070805159217162e-01 6.426093340228471451e-01 6.144776079915124090e-01 5.863220085026060735e-01 5.753865403150589808e-01 5.888383232065419470e-01 6.217812671078715159e-01 6.594365085752975641e-01 6.943989359611877354e-01 7.106580585123236649e-01 6.988022101159687693e-01 6.575508373798827355e-01 5.864727062502057553e-01 4.905563865816663371e-01 3.786530870263559723e-01 2.717328728147288541e-01 1.805881012911552119e-01 1.069422939938382833e-01 5.261948661934266053e-02 1.861158221813998676e-02 3.215726651891348542e-03 9.539894856806103417e-09 2.432976628064833638e-16 1.006630300120631818e-25 4.866588026939182328e-37 1.877440733852476249e-50 4.025778471536683396e-66 3.070889378189694452e-84 4.051667638687899777e-105 2.639106727154893618e-129 2.306796943611713575e-157 3.718934567516845695e-189 3.869315714917262799e-226
2.526591074734762521e-01 2.553033652282821753e-01 2.563153124646341263e-01 2.582617977575444868e-01 2.691176027970720863e-01 2.984920945271183901e-01 3.525040757842528572e-01 4.305983146280448759e-01 5.255665282084648338e-01 6.227208994069569625e-01 6.972065855643164722e-01 7.369093035075089393e-01 7.355519430404456882e-01 6.885505063463513986e-01 6.023339010839584562e-01 4.941925150552301527e-01 3.870277328824840990e-01 2.936964837181043064e-01 2.185072618448816728e-01 1.592090892604869079e-01 1.160150470239728060e-01 9.061910827206544339e-02 8.232027262187148475e-02 8.057815468526782765e-02 8.062795406420110444e-02 8.198916674087323997e-02 8.394966314659707551e-02 8.589424209943335997e-02 8.748500723699648152e-02 8.867066534450256110e-02 8.960932986882549911e-02 9.052898283607473118e-02 9.157434938132009983e-02 9.275502220342839166e-02 9.401685819289917756e-02 9.532788140057418813e-02 9.669212048996833619e-02 9.810139777972275155e-02 9.949449159964510181e-02 1.007498762238952378e-01 1.017604324166110075e-01 1.025517133308875700e-01 1.033475755723592543e-01 1.045519648402219171e-01 1.065810012282390751e-01 1.125413242988847623e-01 1.290951345245242576e-01 1.605159958270316878e-01 2.061121950120929081e-01 2.628039816350922209e-01 3.289210805135702742e-01 4.011845719044825342e-01 4.774535007466805814e-01 5.510127188592502945e-01 6.151190768076053583e-01 6.517522499633850996e-01 6.559307256424475874e-01 6.335968513721050854e-01 5.896947302451712725e-01 5.343288403459180991e-01 4.800855341906115625e-01 4.488034758693782433e-01 4.499204477039042138e-01 4.860834570931238940e-01 5.491326351312325604e-01 6.151126430933211431e-01 6.696710459708414831e-01 7.003221139573062581e-01 6.987125271211724886e-01 6.635101833895937773e-01 5.964710731189388770e-01 5.008380601116709796e-01 3.867330541252431697e-01 2.773233322739464546e-01 1.834258440224425246e-01 1.087369218944196220e-01 5.399710238168476534e-02 1.960414766212659199e-02 3.502685275084117551e-03 1.695658685051383373e-08 6.484386753712100197e-16 4.433147844397400792e-25 4.197619876412415961e-36 4.235517713410990492e-49 3.302596663083338938e-64 1.090270471371013462e-81 6.222845030249304529e-102 3.594384242750632601e-125 1.187168025745026067e-150 6.265141397185483133e-179
1.306331751528763963e-01 1.336741480217219225e-01 1.338073407770652146e-01 1.330128231735753230e-01 1.410731899843801485e-01 1.700998003702874628e-01 2.226928474229744048e-01 3.016430847145416538e-01 4.041410660021945156e-01 5.171620785335614423e-01 6.163900648263560544e-01 6.872802251866827472e-01 7.173784099420311700e-01 7.031285596452034881e-01 6.461376438541317491e-01 5.562741998924014553e-01 4.439305924455381747e-01 3.355608160845059418e-01 2.411056834194766907e-01 1.611614190923615075e-01 9.749022796512876732e-02 5.310291374807380588e-02 2.893885454934308835e-02 2.242276960422049173e-02 2.250727017671902419e-02 2.352512428385400423e-02 2.474655748538368005e-02 2.578971412679224168e-02 2.649591815982221474e-02 2.692675788181228200e-02 2.727295957908557750e-02 2.770289683933256294e-02 2.826044791073953691e-02 2.888853377263646272e-02 2.951566794938949648e-02 3.012263596310391436e-02 3.074753910157897174e-02 3.143402004628297053e-02 3.216977193543708868e-02 3.287229632708615901e-02 3.341858907043358806e-02 3.375007707710873245e-02 3.396153644590372417e-02 3.431215899219382248e-02 3.806452785004504208e-02 5.465348638465122172e-02 8.839701185973201925e-02 1.397709464157141646e-01 2.065484288890740705e-01 2.860281124764076921e-01 3.747002119231466755e-01 4.654074751016263889e-01 5.508905479528588556e-01 6.169941787917453402e-01 6.602259117535014266e-01 6.752260767536789610e-01 6.536740548270655315e-01 6.014201153140023015e-01 5.290478403418032993e-01 4.475578665871829398e-01 3.728248758588912914e-01 3.256932646320539471e-01 3.146034524929997578e-01 3.416858033518768156e-01 4.049679467190601678e-01 4.929448961542036711e-01 5.830379073656101196e-01 6.523336058883991706e-01 6.925451074080650748e-01 6.986586290765081086e-01 6.695467494336251324e-01 6.042962996507107443e-01 5.073746897811953760e-01 3.915713597353961961e-01 2.807436830579315701e-01 1.858503391491050927e-01 1.110600751932660224e-01 5.582210183712568025e-02 2.061105847399192365e-02 3.695284937797307327e-03 3.113867194651065663e-08 1.895473122845221943e-15 2.387143380435551921e-24 5.274572872748233710e-35 1.707752293250288486e-47 5.403707922536051618e-62 7.390010021287484745e-79 3.245970354293688020e-98 4.787433828935784071e-119 1.781039488565760428e-141
4.851758568191860688e-02 5.094728819672285358e-02 5.029592363313163672e-02 4.877060046290133954e-02 5.212746475987804773e-02 7.553855399988305963e-02 1.220910541634898927e-01 1.935446328936752669e-01 2.915439526423473371e-01 4.074100916601751110e-01 5.258150778584033125e-01 6.241204043017118952e-01 6.890334997341268641e-01 7.120371216271808024e-01 6.923403681889191974e-01 6.350216301764038951e-01 5.462779471617841276e-01 4.332181680621859377e-01 3.214780516965695112e-01 2.216339647685463543e-01 1.385584773247727775e-01 7.560739628096216358e-02 3.305241066487646373e-02 9.924784069836885270e-03 3.067143691411014852e-03 2.686736836822916415e-03 2.971788350447420596e-03 3.151624451641742240e-03 3.210784300756475661e-03 3.216948931170664737e-03 3.242223148138866865e-03 3.316497748074075623e-03 3.428240991682688157e-03 3.547491553095225708e-03 3.649298467944005631e-03 3.729230397646447065e-03 3.805130431783611353e-03 3.903732305311771126e-03 4.037420840076341721e-03 4.185035810488873208e-03 4.300108616343535639e-03 4.347640418255782277e-03 4.326982737444261956e-03 7.767267884448108076e-03 2.410599328206401715e-02 5.842198195861408178e-02 1.113649554360487265e-01 1.819170931714912398e-01 2.698305202194591357e-01 3.687870483622446294e-01 4.726591912324322187e-01 5.668844386017556358e-01 6.360641732057856768e-01 6.788139797645609264e-01 6.940443311099009360e-01 6.799429512582901847e-01 6.317048300973081565e-01 5.540200470257449217e-01 4.577662552727936873e-01 3.542117471859762556e-01 2.701841548791810710e-01 2.148897112558231237e-01 1.944521746914951166e-01 2.134612114305939889e-01 2.699756507113806880e-01 3.589302535153773288e-01 4.621545334543675776e-01 5.638525365653060950e-01 6.427389467865414208e-01 6.896404332323331499e-01 7.018556367432399190e-01 6.747490064098485840e-01 6.090412130406691604e-01 5.116422879252177092e-01 3.954691736807395830e-01 2.842923124676385860e-01 1.891897603858069266e-01 1.138427614103097590e-01 5.771492881314633366e-02 2.153007349234638962e-02 3.854788900130326663e-03 5.949179224712910266e-08 6.285377302310126387e-15 1.645827425860235788e-23 1.030277925445315651e-33 1.281675537117811556e-45 1.646928336697977585e-59 1.523681882659708662e-75 1.148938724782298811e-92 7.599972685475298537e-111
7.357081540286768140e-03 8.224724356800102582e-03 7.165496459239203454e-03 6.548318311415509720e-03 6.844166630889640494e-03 1.994807469632586816e-02 5.448493136895896094e-02 1.132436893763791030e-01 1.963843280041238093e-01 3.032350997952756866e-01 4.233407241557323730e-01 5.430407431453800893e-01 6.385180626399871162e-01 7.000809648142715114e-01 7.207597865449962837e-01 7.029536605636499402e-01 6.460553747268934499e-01 5.553800147851606361e-01 4.387252875505472938e-01 3.242556705279290852e-01 2.228434398655738669e-01 1.409947743791017671e-01 7.927704973569810187e-02 3.645756170383521871e-02 1.161852214855983202e-02 1.874368547802662127e-03 1.995118688297241046e-08 3.398011077133149123e-14 8.728615172076573640e-17 1.598369613339375907e-16 2.949538412775085058e-16 5.466964595566529091e-16 1.006846686304260798e-15 1.822642044182312143e-15 3.229090685757738817e-15 5.623512824691417362e-15 9.731568648722494914e-15 1.687277865149566278e-14 2.962621076125622916e-14 5.362583789752131945e-14 1.207316671003278000e-13 4.787868018382182498e-08 4.490515635500873758e-03 2.233594535644019274e-02 5.795792768492838420e-02 1.128560038827232243e-01 1.858991284675871047e-01 2.762481190319890367e-01 3.816937689728068239e-01 4.913036313331445859e-01 5.880762542778324997e-01 6.596019221913828057e-01 6.996348667766342233e-01 7.093881631344337579e-01 6.895863390048289077e-01 6.426829238705248359e-01 5.694755106496645070e-01 4.739810383304399188e-01 3.675418300784616399e-01 2.643950894307260380e-01 1.797421082955755478e-01 1.220390018228108692e-01 9.771691644716140601e-02 1.104562934429172694e-01 1.607722567435045935e-01 2.387880566146035610e-01 3.354014055309588738e-01 4.449721223000077108e-01 5.535696961742538891e-01 6.384912669150126785e-01 6.913612866881856389e-01 7.042851185469368724e-01 6.780148626033010162e-01 6.128665536947854875e-01 5.160749108852561440e-01 4.001229173850986420e-01 2.887587770829663780e-01 1.930353391117957396e-01 1.168803913528930621e-01 5.977849360634648890e-02 2.264055788821551368e-02 4.136912730172085523e-03 1.167236660796995398e-07 2.385463304334940194e-14 1.610259852282263036e-22 3.823291526781110049e-32 1.978171953579417963e-43 1.410406548682381965e-56 1.321647469729489899e-70 1.769951339804756876e-85
8.284465705568583197e-13 7.343718556686714517e-13 5.662513935600807978e-13 2.450207835271313827e-11 8.813400895323032257e-07 2.845247084314718802e-03 2.061031074221647899e-02 6.060956199622328372e-02 1.241546060431239079e-01 2.097871122682115619e-01 3.156836118393236412e-01 4.352885405829585164e-01 5.546953848729536674e-01 6.481329544559710776e-01 7.086930337288847026e-01 7.297965020547961812e-01 7.105279339775695258e-01 6.521615196711980644e-01 5.609882485630556248e-01 4.455096946745585318e-01 3.332072339832489183e-01 2.341622466037713290e-01 1.531193804199821873e-01 9.059845390900422846e-02 4.556659681797881750e-02 1.745941704935768946e-02 3.849814004306650970e-03 2.544225143097709455e-07 3.933562777768921305e-12 2.301104086712098301e-17 4.156666617208892430e-23 2.508402254214113694e-29 4.600319941190565212e-31 1.517628053519248381e-30 4.811629674668068398e-30 1.487349757622668863e-29 4.591689809961071290e-29 1.563052970395015269e-28 5.770516008636715020e-21 1.424683963674359190e-13 1.790115872194431806e-07 5.005087075551524316e-03 2.499127850409031334e-02 6.243234641257817963e-02 1.190300776818077472e-01 1.940972418975223379e-01 2.872870985506625896e-01 3.946759224411012235e-01 5.067048611297297889e-01 6.034340555858940247e-01 6.725901587354847777e-01 7.095862544290327811e-01 7.143350053757228091e-01 6.863781587910734450e-01 6.305614619613295613e-01 5.516686449490567634e-01 4.557158343594048810e-01 3.575299034494050510e-01 2.624573796625620514e-01 1.762899286318016789e-01 1.052766455266306161e-01 5.631547907883791004e-02 3.363373932051164084e-02 4.213475224420744347e-02 8.141085474296537450e-02 1.424765070536952727e-01 2.233607540872929731e-01 3.235974424962331786e-01 4.367758254300817544e-01 5.503996808067406210e-01 6.386895044153004797e-01 6.928453351759521484e-01 7.065144652369651501e-01 6.814535550371109140e-01 6.174771141052959322e-01 5.215269742146477761e-01 4.055858600779569390e-01 2.939135669721472666e-01 1.974008152880872002e-01 1.203377622826604099e-01 6.222932736406942833e-02 2.408983390103803732e-02 4.592559946538937038e-03 2.498236913588372942e-07 1.250537634575082680e-13 3.347309205301915397e-21 3.413796232519280065e-30 7.164963172720890777e-41 2.516250464243606159e-52 1.557314143875103223e-64
3.312558596158751953e-24 2.109009028449814208e-24 2.567032852660444162e-24 2.465748728800091067e-19 1.445822092878692240e-11 2.058831800816408975e-05 5.286698069819243534e-03 2.599457211267420728e-02 6.785813527857144367e-02 1.319785943939479067e-01 2.167591430886819104e-01 3.204510101511778841e-01 4.376779423460060436e-01 5.561809013045699857e-01 6.494434725090814098e-01 7.088339576329336644e-01 7.288235723970094559e-01 7.093841077066491696e-01 6.530825598398917187e-01 5.661744844231964002e-01 4.576689128970675147e-01 3.497397921798603426e-01 2.517574603959669699e-01 1.696735865746302474e-01 1.044036168213249155e-01 5.556537200251016745e-02 2.301679479947694312e-02 5.089383913435743118e-03 8.076507540078038330e-06 1.153658247663053868e-09 7.479842299271368363e-14 1.794388736565101326e-18 1.133363978340087183e-23 1.307096632977157981e-29 2.968898639433822782e-36 1.905389136567203566e-36 1.427528963448492924e-27 2.321253872259081416e-19 2.246093581473887683e-12 1.162436020556533562e-06 5.030629245052486119e-03 2.654556128615654514e-02 6.634285792385988256e-02 1.250779511671037958e-01 2.018555177417118429e-01 2.973622573406869973e-01 4.066539118724807889e-01 5.192685663155057751e-01 6.139177630131397168e-01 6.797698911391447663e-01 7.121229765705658910e-01 7.106226550331139480e-01 6.739580688701704014e-01 6.091406449910644616e-01 5.217619065669820699e-01 4.219436535592921422e-01 3.246613431058686383e-01 2.380374655809161522e-01 1.629575375268659809e-01 1.001225990249224873e-01 5.232358875971229034e-02 2.111826370759046709e-02 5.213759218957470312e-03 7.739138493763654536e-03 3.064786291256808154e-02 7.237108587997502507e-02 1.339911168088493976e-01 2.167799480077916285e-01 3.200548825981808787e-01 4.357544655711800830e-01 5.503518878809818826e-01 6.397451371269551323e-01 6.949593535490067309e-01 7.097225653115399879e-01 6.858581790873445883e-01 6.229233633247611701e-01 5.277015628845903583e-01 4.117103633029794429e-01 2.995644409478761538e-01 2.021275999013193714e-01 1.240514685193268712e-01 6.481856492319856833e-02 2.552314644583983383e-02 4.941358970316851902e-03 7.879664928982042336e-07 1.695980126243916750e-12 1.864415645058636977e-19 4.906036034974517166e-28 2.130543482158036412e-37 1.962242928784413032e-47
1.983500419510731224e-33 1.182027278774382395e-33 9.833605908337363007e-35 7.213591849506197888e-28 2.548400295836362042e-18 1.299843272338335645e-10 1.285906590809812386e-04 5.516907007223455055e-03 2.772934553066764077e-02 7.001054764216255166e-02 1.334027210198104885e-01 2.163690581373778066e-01 3.183722060867376080e-01 4.335162727796573190e-01 5.505014382966338937e-01 6.420023117824954495e-01 7.002973150707715311e-01 7.209116825730772504e-01 7.055135760369547482e-01 6.568247393706190262e-01 5.780495913209728887e-01 4.776016657564967072e-01 3.722547880979874546e-01 2.730872279822046944e-01 1.876835282323620901e-01 1.179796317966775310e-01 6.576088646803739113e-02 2.894616850700694466e-02 7.173335982018122503e-03 2.339928895969769801e-04 4.062925331265976475e-07 1.732427964297188801e-10 1.620598149555379577e-14 2.542127839315895832e-19 9.435759668787247674e-25 1.093525484586939911e-24 1.449770717980886940e-17 5.374314771558916654e-11 1.324799136646546352e-05 5.134669928486832249e-03 2.705706952810246757e-02 6.856438522640224964e-02 1.297236973564578344e-01 2.089442894782481686e-01 3.065307405423122189e-01 4.179346947527038392e-01 5.319120338226355216e-01 6.246024817941803198e-01 6.869963970047183732e-01 7.133483425480477980e-01 7.043206031839936987e-01 6.616804333162884522e-01 5.876934094259161911e-01 4.905213225017406864e-01 3.867077729821744581e-01 2.905601351416809974e-01 2.076669685901753049e-01 1.384126244819593454e-01 8.427327393771595621e-02 4.360242322834879947e-02 1.699233237072946337e-02 4.143182173597856170e-03 2.925205234241759145e-05 9.655437857548939524e-05 5.509048979307736363e-03 2.765262281167560690e-02 6.976700441414469822e-02 1.329184665616429950e-01 2.159087554406514120e-01 3.194313629208524463e-01 4.356220693462455329e-01 5.510424112774545691e-01 6.413587360564422246e-01 6.976089926690737242e-01 7.134879193868700620e-01 6.907124496664966973e-01 6.286749486752306604e-01 5.341951721034775558e-01 4.182881054754169492e-01 3.054259766210321025e-01 2.068482981446610192e-01 1.275583691326244995e-01 6.707841740671900699e-02 2.657358023508159250e-02 5.087802547771857163e-03 7.147924123807206456e-06 5.696969219743577385e-11 9.790080962572078389e-18 1.839598225626827072e-25 9.711315162443576157e-34
1.207853287018462141e-44 7.168545374628650249e-45 3.348217528706687319e-46 7.157507617863509019e-39 1.866459284495370320e-27 4.968198973815585704e-18 1.979580427707903414e-10 1.685457444813632285e-04 5.470165343535186332e-03 2.755897125467289543e-02 6.969240751281019497e-02 1.324566994623816163e-01 2.137489064236132996e-01 3.125565918570369917e-01 4.243921721670075309e-01 5.382589454720776434e-01 6.278119717099922559e-01 6.874767771425470686e-01 7.133024595685738545e-01 7.059889362995587225e-01 6.661304616843377602e-01 5.963328154331595243e-01 5.033723863852926916e-01 3.971523161312437988e-01 2.962365840704856423e-01 2.086302463097373661e-01 1.355221620900780855e-01 7.895813351936013802e-02 3.831478697664340849e-02 1.369685688326490597e-02 3.278028476354169322e-03 4.070028829873305142e-05 3.238866723866972700e-08 4.914630143017357805e-12 2.253268894522691950e-16 1.645055021466958898e-15 1.169326679052527298e-09 1.681475310989229794e-04 6.117945001296557980e-03 2.838195470473365081e-02 7.019814981859601177e-02 1.322966736706156776e-01 2.139080289217374642e-01 3.138344684913425553e-01 4.273342969897589438e-01 5.428339847522393180e-01 6.344404278196397184e-01 6.945495157031073008e-01 7.170669100980645583e-01 7.022911702267513601e-01 6.520448744406925901e-01 5.710360830291502099e-01 4.670674319551988973e-01 3.592734208657111239e-01 2.620966280648114877e-01 1.805327591071633764e-01 1.147023656245168277e-01 6.588779897941576813e-02 3.164906472641364904e-02 1.056002250065922465e-02 1.707705380472810492e-03 5.484921427966209322e-06 1.508486821031985702e-09 5.899908780651376290e-11 6.387290901139584668e-05 5.254267205713025572e-03 2.726439947060757540e-02 6.935876141974091358e-02 1.326079116236094646e-01 2.155868065407713086e-01 3.191293592067905305e-01 4.356565601801919430e-01 5.518619841396041892e-01 6.427628580963669069e-01 6.997360621175947593e-01 7.166533931491044784e-01 6.950441247003283918e-01 6.340581427690770155e-01 5.405259050316576497e-01 4.245307226517152643e-01 3.109701701000358587e-01 2.110956958210515877e-01 1.305087821443581542e-01 6.937947500523915234e-02 2.807759142877520875e-02 5.973562710476974097e-03 1.215094918234529541e-04 1.271555725559410444e-09 4.375613812294370608e-16 4.968273428246232727e-23
2.622997766347139704e-60 1.556334335507658945e-60 7.109073092899751732e-62 1.293717279855099451e-52 5.546154356402216176e-39 1.408979001340321001e-27 2.923928127977723660e-18 9.061280690563613659e-11 6.730207713797730761e-05 5.256015165714892495e-03 2.722719538401878470e-02 6.861970075977021077e-02 1.291825460465428066e-01 2.071923056305687849e-01 3.019978867053089711e-01 4.095845139309675087e-01 5.192489586299356974e-01 6.099178638575495359e-01 6.750143569379314368e-01 7.092688087150272880e-01 7.109747628795050067e-01 6.802397761481665528e-01 6.180556271183859085e-01 5.313520870905323878e-01 4.250674175894192941e-01 3.224949999725684191e-01 2.327814824047542697e-01 1.567214259639301832e-01 9.638182373981496465e-02 5.310525653169168719e-02 2.465289804828156225e-02 8.535290041358075883e-03 9.072084678242933612e-04 9.064337545561102269e-07 2.074419558027475914e-10 1.742800982817981878e-08 1.260487607603338975e-03 9.647885556502545576e-03 3.325885180142384295e-02 7.516207496870518090e-02 1.364235492892413582e-01 2.183596971806703313e-01 3.193277206674435265e-01 4.333131801089805668e-01 5.495742695509004960e-01 6.413848365277422525e-01 7.002786939567089419e-01 7.204510635438803323e-01 7.029523179224028695e-01 6.474808508381586503e-01 5.604325042412479085e-01 4.504471667084516961e-01 3.407228987232398532e-01 2.418482156930887861e-01 1.601551040741610588e-01 9.638874250982681913e-02 5.072382888444196269e-02 2.111205221783303207e-02 5.545676896593364040e-03 8.670859656857219495e-05 1.890894331071383808e-07 5.228424711683823580e-11 1.941430510972977078e-15 9.618081992953345507e-19 2.132822995819060657e-11 4.248343819800237209e-05 5.160884056438908365e-03 2.710993093387386102e-02 6.916365081964688521e-02 1.323988244667693714e-01 2.153754735059647818e-01 3.189420964319115703e-01 4.353372632777711138e-01 5.516247453451373906e-01 6.430959338753228227e-01 7.010445879731164176e-01 7.190773465325335234e-01 6.989977279698116330e-01 6.392703648120358073e-01 5.466204925666754422e-01 4.300050031444135890e-01 3.164247812583803610e-01 2.163506555596743097e-01 1.352928419678100791e-01 7.368528297564362617e-02 3.186851683757665338e-02 8.897039652873982990e-03 1.249051427252037506e-03 1.117145905106137645e-08 1.270400754817449379e-14
1.816510835573452746e-64 2.176010703576280262e-64 1.621419305507074504e-64 5.594034208681162803e-65 2.662611397158683213e-53 9.575951001617536988e-40 1.663902085887636581e-28 2.923064232012722488e-19 9.190356982851433080e-12 8.130570265100098702e-06 5.079914880255243306e-03 2.650741005439944536e-02 6.563058156591813908e-02 1.226609423433428214e-01 1.965639278823993752e-01 2.866479621640775077e-01 3.899590919397967204e-01 4.969933832067451873e-01 5.928794638409214945e-01 6.661412633479690815e-01 7.091818439465403801e-01 7.195970989960780440e-01 6.942962739826544771e-01 6.401087495186142950e-01 5.579805444863362718e-01 4.547590341301365746e-01 3.525982475176633879e-01 2.622024741986207497e-01 1.845777974550429079e-01 1.212220513736935179e-01 7.212877969096510855e-02 3.665375460292110560e-02 1.307106884662591166e-02 3.086264652301158422e-03 5.238921791106248314e-06 3.539908564154185637e-03 1.525386591222401868e-02 4.162852521581920234e-02 8.539540105107638890e-02 1.473025518168624703e-01 2.277926879871270682e-01 3.269919020718382030e-01 4.388585733041284187e-01 5.536685813459629735e-01 6.446111340103662934e-01 7.030142686140041786e-01 7.221155667827047209e-01 7.029050582079824361e-01 6.451057113587229663e-01 5.547506790782765762e-01 4.406068531146100087e-01 3.284379753965756543e-01 2.281538157407138057e-01 1.464579690657972499e-01 8.421085158697082240e-02 4.031457526716785561e-02 1.397022371656523633e-02 2.579538087190484143e-03 1.282402617594625029e-06 7.383931320427162733e-10 1.734573701924335240e-13 7.404986159107161129e-18 3.983986608378676591e-23 3.067924610531841215e-28 1.364438885080805917e-19 9.478005914250662723e-12 1.850598114474991441e-05 5.088429041152490485e-03 2.700004480763430401e-02 6.903240362194211499e-02 1.322658719804758187e-01 2.152414785855668589e-01 3.179972606800030022e-01 4.337567672495817872e-01 5.502462546817423750e-01 6.428350880378743692e-01 7.022710778644946084e-01 7.218227218646724452e-01 7.031715477070294984e-01 6.444335805987677634e-01 5.528087493331990121e-01 4.371984084867361342e-01 3.239141939940438086e-01 2.241033633682303350e-01 1.428039164628005508e-01 8.032073201952603936e-02 3.802591102516444249e-02 1.308603562279261369e-02 3.087496931001456387e-03 5.031774462761549321e-08
4.662737313555909410e-41 5.888102098166051308e-41 4.737590632308213312e-41 2.205822671163343508e-41 1.209672623356657014e-41 1.824894457228273363e-41 7.746202799651845309e-41 5.628872032090301092e-30 1.022583819614213533e-20 4.068595968579638504e-13 5.690823751065937996e-07 5.004110960035369760e-03 2.443042801298736522e-02 6.008313373764361670e-02 1.130193280749310775e-01 1.825255158914726450e-01 2.683960262969263266e-01 3.689521756112878470e-01 4.765712086163154670e-01 5.797969735119324897e-01 6.588098793016621268e-01 7.069640272113464352e-01 7.231180834704193927e-01 7.058274413258242008e-01 6.563717928131017620e-01 5.794192610870708693e-01 4.839769355902184822e-01 3.895016433239429365e-01 2.973356766733391554e-01 2.146016084398418844e-01 1.436504267232159848e-01 8.584368437132113006e-02 4.207279141413734075e-02 1.490425704888214548e-02 7.135309927833274023e-03 1.904164469971814794e-02 4.900306155782052642e-02 9.642391322589384528e-02 1.615247429258975520e-01 2.429127507569536493e-01 3.411117792081295175e-01 4.504329631073214490e-01 5.593380174008248940e-01 6.460801659301961264e-01 7.020573006735182364e-01 7.208548209717492439e-01 7.005769679356593782e-01 6.414013111985062965e-01 5.496969495428883912e-01 4.341406586072263374e-01 3.205823681036807371e-01 2.201503926154960711e-01 1.381001962034069941e-01 7.595447777782542154e-02 3.336264422487655867e-02 9.433070076741772655e-03 1.144846217844289193e-03 3.690032642831363569e-08 8.600234827065719554e-13 2.304192203918015033e-17 3.241687892488235412e-22 1.271955251656097376e-27 7.659726317005738639e-34 5.764944508892582996e-40 1.104450039999410825e-29 3.734664992783109543e-20 2.841335080559689784e-12 5.458179644999935055e-06 5.045281388043854412e-03 2.693830402096712012e-02 6.896598244554506818e-02 1.319325981107866974e-01 2.140178087668481721e-01 3.158338608386363489e-01 4.313250259595353686e-01 5.488429648684447493e-01 6.427192028095648491e-01 7.038340531492650598e-01 7.249037742578829935e-01 7.066479984105306089e-01 6.500134422146431890e-01 5.606524842716142931e-01 4.470023181090881370e-01 3.335453856756619428e-01 2.326323770422383808e-01 1.507682045007877891e-01 8.870068011842728584e-02 4.464553948372600861e-02 1.634504144724651178e-02 3.076329476887648337e-03
7.060562680805216023e-21 8.850331755328055760e-21 7.270795034495739438e-21 3.879109018933280711e-21 2.260026279705486492e-21 2.503261636404271419e-21 4.055697835544690280e-21 6.189591048762187512e-21 8.506660321854437987e-21 1.120043547147772976e-20 1.385147023147379983e-14 4.789907060250137132e-08 4.339938829813949107e-03 2.065873569741319069e-02 5.250171394438581801e-02 1.013693658323650271e-01 1.671703325487622072e-01 2.504160733982112585e-01 3.500320296032024547e-01 4.580893473094124202e-01 5.641239872059020666e-01 6.461503057726267762e-01 6.972217028656497728e-01 7.156580361240814092e-01 7.018671175144407526e-01 6.593082044950936416e-01 5.948008390416994473e-01 5.118180666607188289e-01 4.166744495175981888e-01 3.221089092050620217e-01 2.328231536889214248e-01 1.519693715500034514e-01 8.578914866658172989e-02 4.163760522789106827e-02 3.024724262026508292e-02 5.225213578042141316e-02 1.029553339843156251e-01 1.727875789382472271e-01 2.584094878504672455e-01 3.592434055222315514e-01 4.671591734261920092e-01 5.703083545376901320e-01 6.502240707974993317e-01 6.992680591625237696e-01 7.148727253940154736e-01 6.933742230314847710e-01 6.340936088396340597e-01 5.425896813468741309e-01 4.267645656005684685e-01 3.135756015704457278e-01 2.143597482748167971e-01 1.337036455633031917e-01 7.172524493938897683e-02 2.962826800603271873e-02 6.933675199769409603e-03 5.625837409435401016e-04 5.515412468572305830e-09 7.509011613064349730e-15 4.898149853488253858e-21 2.228015634457917335e-27 6.192570857134625968e-34 8.303397887838864629e-41 5.202052294892722908e-48 1.328023938304388839e-47 6.071147009493736720e-42 1.778418764274325553e-30 7.763880680428588790e-21 6.466963152954611744e-13 1.380488927501899547e-06 5.028657566187536704e-03 2.691507276179624930e-02 6.857470496344590660e-02 1.306043319019331017e-01 2.117091940392282212e-01 3.133440781769603611e-01 4.290784574657951489e-01 5.472914430513172723e-01 6.423320987721680142e-01 7.038130878993736905e-01 7.256805164528233876e-01 7.089818476280236315e-01 6.552817916055208025e-01 5.681655364864601765e-01 4.561939071478400831e-01 3.428332665308020388e-01 2.408703616788686608e-01 1.610481198035829398e-01 9.845222714104563677e-02 5.104605460467583761e-02 1.745108794787346429e-02
3.091931743946861166e-03 3.729667643723849277e-03 3.016467452685433516e-03 1.717791873741558468e-03 1.063945020545707665e-03 1.016050681068622402e-03 1.294096884813645534e-03 1.579754559013347168e-03 1.751402730823247616e-03 1.809384189218341118e-03 1.777166064657006040e-03 1.683787478634432610e-03 1.562143178302206545e-03 4.430745908374945398e-03 1.740541171365489123e-02 4.567465568378772239e-02 9.145805639968133949e-02 1.552780598895857622e-01 2.378951169000774191e-01 3.331273401456213978e-01 4.392156359037565627e-01 5.435046886562437951e-01 6.212271028195457401e-01 6.711557252465435441e-01 6.917943352295484738e-01 6.846454638861807496e-01 6.528772829846228865e-01 5.961170685982276618e-01 5.183137390254353161e-01 4.215233892405448324e-01 3.212401087210500772e-01 2.254067474693905171e-01 1.417567901038890854e-01 8.977908250520465205e-02 7.939397373004694614e-02 1.096981439993304636e-01 1.770640704806161758e-01 2.680179571951827322e-01 3.748031638909147811e-01 4.853453333242359058e-01 5.842871450895460450e-01 6.584258506070674866e-01 7.003691821694281172e-01 7.081028321861738695e-01 6.823526294912035661e-01 6.219238501067593239e-01 5.305013866472344519e-01 4.172663156273838658e-01 3.061828308107422125e-01 2.082405730647461373e-01 1.293052358175144356e-01 6.890584546154988888e-02 2.782528689472668626e-02 5.744907085719733880e-03 1.912896185425109433e-04 1.006856752951931300e-09 3.777517342050717270e-16 1.712426251066580687e-23 3.834118922270674610e-31 6.854724618241904590e-31 2.272240594126545486e-30 7.222441003765540094e-30 2.209967586271619871e-29 6.540318399102660592e-29 1.878891392954752002e-28 5.257645035814457983e-28 1.448205827998384024e-27 1.484451045709025871e-21 1.484615360219020923e-13 3.737729726640389689e-07 5.024118624003131445e-03 2.663172019897269011e-02 6.736205101107398119e-02 1.286982880216328839e-01 2.097392330431673280e-01 3.114113155928329713e-01 4.268424034848250503e-01 5.447750624785110407e-01 6.388289072948348801e-01 6.995827813852799615e-01 7.228531570938081519e-01 7.092010314010198657e-01 6.571782838687967310e-01 5.722509074401865847e-01 4.637157975938860921e-01 3.505336114614929777e-01 2.527950485217111409e-01 1.751444365359036137e-01 1.133125745596787332e-01 6.250794956673684510e-02
2.439500949144264227e-02 2.459654785885477535e-02 2.184527702583480974e-02 1.884970067833484017e-02 1.607928193959832358e-02 1.460624859786728048e-02 1.479424208431755552e-02 1.579500257316748812e-02 1.679311577968005398e-02 1.729334406710985109e-02 1.726229601070703584e-02 1.686939219886065058e-02 1.633786082667688586e-02 1.591816806295901290e-02 1.772740372047183419e-02 2.817783616248168213e-02 5.477427473716528494e-02 1.002064737321454596e-01 1.631353649060936217e-01 2.410725906788095396e-01 3.319040075131785006e-01 4.282629970193402857e-01 5.196782471137858517e-01 5.923447208943888320e-01 6.427609179848148280e-01 6.693097417366682400e-01 6.731989044703424740e-01 6.481398003307244915e-01 5.944651116920626199e-01 5.154611527411293581e-01 4.187731753541706903e-01 3.131327995486513638e-01 2.229966056893823156e-01 1.717882509625860699e-01 1.633468424264507279e-01 1.989439435977063686e-01 2.757179253188000168e-01 3.821864819461236462e-01 4.968642445407043806e-01 5.937789578738981167e-01 6.654052984493945555e-01 7.042779989697837140e-01 7.049143579316069497e-01 6.718266472529176303e-01 6.071025479892350196e-01 5.153904042656253237e-01 4.044819253646801394e-01 2.965576680609620097e-01 2.019598198815335810e-01 1.245017395401197963e-01 6.572510326657028668e-02 2.640188090633211956e-02 5.201860945364710116e-03 3.517945943990609907e-05 1.191795042031511320e-10 7.432592612700187328e-16 1.282677197133479920e-15 2.273795839465419285e-15 3.982039832238793113e-15 6.861830072929716303e-15 1.162081720176216210e-14 1.935716298268094558e-14 3.177227185575574958e-14 5.145691943042268120e-14 8.217938280337330227e-14 1.290727098893035831e-13 1.989352334791722914e-13 3.022210635091869602e-13 4.625271745265958457e-13 7.964501823689381881e-13 1.277228709309240332e-07 5.009390116647209970e-03 2.575269964439557552e-02 6.596408276006970883e-02 1.274035550575701725e-01 2.086959560354074150e-01 3.086436893806228099e-01 4.220008850054312588e-01 5.377804829096397565e-01 6.293066404269875846e-01 6.906161562348862581e-01 7.161919335222870497e-01 7.043052181444272586e-01 6.524759923198190092e-01 5.680882891395094836e-01 4.644752148045476758e-01 3.644904326564662456e-01 2.782213342550953761e-01 2.070347064884163757e-01 1.454680237868215820e-01
8.058031704294102426e-02 8.062698795316936007e-02 7.737868736095342148e-02 7.284959878875328643e-02 6.813309987818338964e-02 6.555764109208855883e-02 6.477691844184332859e-02 6.572677669631502018e-02 6.722247747609269575e-02 6.825308523139209105e-02 6.841363795347936427e-02 6.789605571551214636e-02 6.713180317147736387e-02 6.661047045802487299e-02 6.680842255774310789e-02 6.918014213755399600e-02 7.919964870601126083e-02 1.060119747642449678e-01 1.496246803259512481e-01 2.071428505081774341e-01 2.769986520577656375e-01 3.542256610805495365e-01 4.342253466294935249e-01 5.133512030811804294e-01 5.861923797858047402e-01 6.395576974085727118e-01 6.721966387698098400e-01 6.778312956920365950e-01 6.512221493608496559e-01 5.942191994073435790e-01 5.124425934990792797e-01 4.138586889654570222e-01 3.291808288751665867e-01 2.803745380362969719e-01 2.753252813169657642e-01 3.142242063721481515e-01 3.948307776595993412e-01 4.988773137169871252e-01 5.932554850043798567e-01 6.626715012200979915e-01 7.002551063656481389e-01 6.991478047686426889e-01 6.622605661390597032e-01 5.925378955527664804e-01 4.981339568430747655e-01 3.890188180983490396e-01 2.840962950223795969e-01 1.934076788434704319e-01 1.191907930196178522e-01 6.230206576469569241e-02 2.454989543633632684e-02 4.992878084445685760e-03 7.800051118501165001e-05 8.408443487238193676e-05 1.013065599348514779e-04 1.241178182815936659e-04 1.507958779138972956e-04 1.801468292800563334e-04 2.113658105884801337e-04 2.438919103217611004e-04 2.774697661559506626e-04 3.122599975512022389e-04 3.487565479655987651e-04 3.873361271630103254e-04 4.274941749674506268e-04 4.672156239266363133e-04 5.032119074477748449e-04 5.324844462434405890e-04 5.549078801918052835e-04 5.754200403096454766e-04 6.043032720844899661e-04 6.528431756746499136e-04 5.363687807306597236e-03 2.568648501888686972e-02 6.618910148078289979e-02 1.273198351108312809e-01 2.067907241318906741e-01 3.029617859241857114e-01 4.124678583901723039e-01 5.241895446992025365e-01 6.149638086948837623e-01 6.752716641456011359e-01 6.974354642491671363e-01 6.829530221321498118e-01 6.329325246675556738e-01 5.582096533935775318e-01 4.760058728459131694e-01 3.941148971430858960e-01 3.218249190058989351e-01 2.586549030084586698e-01
1.770041411253694685e-01 1.763551921943707357e-01 1.729246245939381477e-01 1.678612436929949880e-01 1.620237466845342589e-01 1.586051642367446446e-01 1.568865991679740668e-01 1.576572040155276022e-01 1.594813908228976118e-01 1.609812698657870633e-01 1.613570171719657109e-01 1.607665211891787238e-01 1.598293688739212959e-01 1.592598713441067126e-01 1.597385676009645816e-01 1.617356156237977627e-01 1.657565764210485459e-01 1.765391124702642978e-01 2.019565384813716002e-01 2.394670216232668569e-01 2.879852300682391175e-01 3.430495042036967868e-01 4.039914740810757743e-01 4.715278738399366065e-01 5.422668246896628075e-01 6.080888679060817426e-01 6.633652461141963386e-01 6.952945335949665129e-01 6.952614612493971391e-01 6.621339069269963629e-01 6.013264946461766014e-01 5.232238375835097655e-01 4.500735956305346730e-01 4.073183902850978644e-01 4.061953213104133598e-01 4.438645886029208287e-01 5.166124918835964808e-01 5.977739807548385631e-01 6.603371884295063943e-01 6.939805118794994954e-01 6.926194164765304695e-01 6.548383282022921525e-01 5.825231248547502183e-01 4.843174131270789884e-01 3.785773805167117478e-01 2.766303996966621437e-01 1.894157282638139761e-01 1.189908828950653336e-01 6.534865917800762591e-02 2.935874821236160448e-02 1.107842700675513992e-02 6.783489838475873987e-03 6.776237118386818636e-03 6.828754527341921246e-03 6.928248568882147684e-03 7.064340277225410712e-03 7.227822146085892581e-03 7.410813737107886483e-03 7.607486129372664600e-03 7.814446056345529870e-03 8.030478706648387990e-03 8.255925511319747723e-03 8.491253793668654057e-03 8.734682235854144064e-03 8.979915507077209855e-03 9.215977574169616562e-03 9.431025302418995226e-03 9.620093571104769078e-03 9.794241685602235112e-03 9.983843377510633055e-03 1.022760248132218754e-02 1.054784638945807651e-02 1.093463250487407105e-02 1.561662397320049724e-02 3.659737751275182055e-02 7.696866783267679313e-02 1.359333744182647519e-01 2.115637600659838191e-01 3.028723081049005672e-01 4.066627157202611365e-01 5.105413618832084222e-01 5.959427866940872898e-01 6.507380342158792796e-01 6.714083590678364688e-01 6.607388730201848581e-01 6.251059089573304250e-01 5.757328833578867489e-01 5.125964674889508244e-01 4.486213737380100319e-01 3.912466287434493428e-01
3.115768728639848328e-01 3.101084163342119893e-01 3.061756335678569307e-01 3.007161084403082163e-01 2.949213468423658724e-01 2.909246787217579233e-01 2.893186952843213589e-01 2.898091209581064032e-01 2.916565509927892541e-01 2.933256353592842980e-01 2.938745320953449758e-01 2.933197852356447255e-01 2.923440864343876955e-01 2.918313905861082413e-01 2.926064383500642241e-01 2.952044654411732361e-01 2.996374616184790396e-01 3.053831672117247042e-01 3.163967302269787840e-01 3.357066679168595469e-01 3.647498772328023886e-01 3.998134360894313732e-01 4.404518558502535930e-01 4.902651798484500278e-01 5.463974761724601503e-01 6.078850225499520255e-01 6.706529575078777894e-01 7.171435895435411823e-01 7.359280161455233893e-01 7.251225436802803959e-01 6.900374426781532566e-01 6.351052409465045567e-01 5.795537370511768538e-01 5.476814857965709438e-01 5.478402342526177415e-01 5.783009658658527785e-01 6.324244294724976623e-01 6.821579974462342877e-01 7.103589954257644168e-01 7.077509838090974004e-01 6.723161611794522541e-01 6.015480162081019433e-01 5.021271582875678208e-01 3.983782530694020552e-01 3.022975885960961229e-01 2.181426738490444273e-01 1.512613447412722856e-01 1.014090623772053168e-01 6.857975490771733851e-02 5.153487720512837933e-02 4.765011637122132382e-02 4.745832587301691136e-02 4.742424472713378802e-02 4.751637090958792803e-02 4.770713043861332658e-02 4.797446875309356595e-02 4.830005910106575234e-02 4.866854439520015840e-02 4.906817756118147383e-02 4.949174246159266516e-02 4.993618187244409923e-02 5.040049707568185905e-02 5.088243561574591622e-02 5.137488007636532156e-02 5.186398810032093881e-02 5.233177851651611701e-02 5.276448492647116406e-02 5.316512573972981964e-02 5.356300208921268430e-02 5.400835298353229286e-02 5.454719997515584951e-02 5.519565320414735604e-02 5.594600785650810648e-02 5.680355091585906346e-02 6.238082616055563856e-02 8.371887953203523136e-02 1.217490632376555804e-01 1.762397145873405291e-01 2.462067894712641203e-01 3.307356163913258706e-01 4.206892875083707017e-01 5.093529859947736327e-01 5.893171661840432840e-01 6.429369656297150293e-01 6.663121571003994825e-01 6.668078130382187885e-01 6.513582607714342165e-01 6.223235493903540583e-01 5.790625737569677911e-01 5.368472197268033819e-01
4.766220588894182209e-01 4.749356963736855453e-01 4.691450794440587546e-01 4.627960101778007540e-01 4.575919756922521286e-01 4.544815189372067854e-01 4.531974413482953712e-01 4.538492177173723552e-01 4.558644784225016067e-01 4.576461598454937274e-01 4.582244314191884493e-01 4.575933945683490212e-01 4.564870079094048294e-01 4.558886519056756792e-01 4.567191252957156777e-01 4.595781901883480014e-01 4.644949332235706052e-01 4.708096499936496593e-01 4.772958632735394557e-01 4.851061474307399313e-01 4.978346416330742263e-01 5.153854973063242140e-01 5.374436567473852566e-01 5.680828516289274654e-01 6.077852337856272102e-01 6.558303663106077597e-01 7.106505505575133608e-01 7.633061772254785549e-01 7.933058497889250438e-01 7.982836910087361959e-01 7.810939422962791534e-01 7.477646503279565815e-01 7.107648400662789356e-01 6.895904702481682191e-01 6.882039473783038153e-01 7.061146841265999452e-01 7.336714502187928755e-01 7.525767416566297996e-01 7.481474604339857226e-01 7.147768254332901305e-01 6.514921906837898291e-01 5.582009132746956759e-01 4.570698332166838740e-01 3.659616850583787273e-01 2.885121137433722671e-01 2.254691866926135935e-01 1.788973834500240390e-01 1.496572560740135338e-01 1.353604488122569782e-01 1.311774490164945572e-01 1.306227497106863811e-01 1.303219227893059051e-01 1.302576373872492976e-01 1.303851797056687911e-01 1.306622982905236152e-01 1.310551960972504704e-01 1.315364927364276737e-01 1.320837312321204438e-01 1.326796535189281867e-01 1.333132388448676764e-01 1.339793447998408049e-01 1.346752612328166177e-01 1.353956899354900323e-01 1.361282096031015409e-01 1.368520807578319232e-01 1.375435770260498014e-01 1.381883745155420007e-01 1.387982210523276139e-01 1.394191580603770797e-01 1.401171292101364985e-01 1.409415733230713896e-01 1.419053242292010464e-01 1.430114606195739269e-01 1.442969451272715087e-01 1.458500189025360438e-01 1.525787535978320453e-01 1.718378035678702342e-01 2.050414415639165988e-01 2.535628478584366907e-01 3.133324676585800272e-01 3.787199633214545225e-01 4.547036099348925609e-01 5.388697181464990882e-01 6.149751500748864563e-01 6.667537065638868832e-01 6.968156929457611781e-01 7.110340856738354143e-01 7.116756939815771510e-01 7.007253255227087196e-01 6.833213743151284048e-01
6.457290908915254146e-01 6.400132299730820762e-01 6.349787302124949573e-01 6.305877804612997073e-01 6.278006009469585535e-01 6.259569987298818639e-01 6.243409228447844850e-01 6.248344304902316848e-01 6.266934702903066423e-01 6.283730436482929393e-01 6.289253898044725455e-01 6.283671567608453135e-01 6.273853263963014015e-01 6.268694086243732366e-01 6.276493270045312434e-01 6.302636808216488529e-01 6.347245306764405237e-01 6.404004089480231920e-01 6.461423278226127165e-01 6.506581052800686216e-01 6.531599301601094254e-01 6.577552343907053789e-01 6.662985499341815832e-01 6.818503625262350987e-01 7.051333458580703040e-01 7.379398570332821317e-01 7.786944639825474912e-01 8.196682212812211876e-01 8.501848885553121571e-01 8.650207750117193672e-01 8.609376669764307044e-01 8.416006623659301189e-01 8.202538567053759833e-01 8.076617941322863370e-01 8.051436774005203967e-01 8.098112838247586431e-01 8.152295575156226493e-01 8.090930170957449930e-01 7.783707807715632976e-01 7.205476861168009783e-01 6.418398326556739031e-01 5.512991339218156206e-01 4.649807801420077213e-01 3.921233507895331427e-01 3.354246953793753039e-01 2.927280361138416831e-01 2.662954056069256614e-01 2.550409184489952907e-01 2.514652629187024147e-01 2.505256280392841317e-01 2.498217384994292634e-01 2.494233229782309991e-01 2.493239730325502446e-01 2.494758352233752974e-01 2.498256670462393747e-01 2.503283842297664985e-01 2.509476596737184595e-01 2.516545008843160680e-01 2.524269433328968915e-01 2.532504526850846704e-01 2.541170748318788974e-01 2.550215209344095513e-01 2.559553567818667053e-01 2.569021257049337037e-01 2.578368393443450923e-01 2.587329559129119549e-01 2.595773562510279575e-01 2.603879207046125299e-01 2.612191967299129502e-01 2.621435764213473352e-01 2.632176369147147255e-01 2.644701366969809397e-01 2.659261793966103404e-01 2.676396173552486601e-01 2.696770886608224060e-01 2.719550184150114069e-01 2.778993176771129003e-01 2.924938382972367412e-01 3.201721638513644885e-01 3.558591628872613266e-01 3.970226194241254780e-01 4.535840363974076306e-01 5.240137676399411193e-01 5.997506580385983943e-01 6.674193068489442382e-01 7.217387373674423179e-01 7.608406281622712708e-01 7.822830163714524776e-01 7.947894715518811770e-01 7.996887818405707948e-01
7.831929023530280753e-01 7.759640444015667438e-01 7.715400786088364438e-01 7.692195686653957587e-01 7.688916699529509957e-01 7.677873219922101145e-01 7.659854074150745928e-01 7.667933861953085684e-01 7.687060451102075698e-01 7.702786675034090091e-01 7.706726383577141570e-01 7.700535036281314083e-01 7.690708999149845626e-01 7.684737820523763752e-01 7.689756948276775805e-01 7.710695910052073332e-01 7.748072993999371993e-01 7.796518373231607901e-01 7.845686464048740039e-01 7.883932837269688187e-01 7.902872436252422750e-01 7.901665185190182017e-01 7.894592937648431397e-01 7.937191569562371818e-01 8.049036646487661706e-01 8.235944935034066328e-01 8.482867205013482348e-01 8.770753721142591219e-01 9.031974842487565658e-01 9.198315183827122654e-01 9.223223474288118062e-01 9.134326324880331915e-01 9.016183094150092003e-01 8.944305123913101063e-01 8.905134606555646926e-01 8.860185268567495331e-01 8.776129555996664555e-01 8.530639713372553112e-01 8.055095571108353836e-01 7.389230325666266141e-01 6.617079650843216143e-01 5.836987770056922820e-01 5.151950896400725455e-01 4.614994768283957050e-01 4.237918607827256268e-01 4.000948539551227312e-01 3.910913505696274606e-01 3.889293431509967536e-01 3.877169569575661945e-01 3.866321888896173120e-01 3.858223868532482115e-01 3.853624726357413044e-01 3.852470290006113074e-01 3.854235611125618188e-01 3.858311814146686003e-01 3.864168286299262678e-01 3.871377540541783846e-01 3.879602973882953498e-01 3.888591093072856775e-01 3.898172170557747673e-01 3.908250464324803941e-01 3.918763032406346047e-01 3.929615746643123075e-01 3.940626988234958716e-01 3.951517170165503301e-01 3.961980379058734902e-01 3.971851166800596800e-01 3.981306461734621660e-01 3.990941119520772240e-01 4.001579812639873279e-01 4.013936825963333455e-01 4.028488832008176868e-01 4.045621370481656820e-01 4.065837799217958404e-01 4.089525512966347143e-01 4.115378393094327736e-01 4.138780447775392557e-01 4.172161029069367810e-01 4.253690421714186320e-01 4.398378252988480730e-01 4.612950208409444253e-01 4.962516809337701451e-01 5.468421130079063053e-01 6.105855344363090298e-01 6.821263620631182745e-01 7.530358327992394685e-01 8.030171288358337600e-01 8.375994350085087525e-01 8.627050852215507604e-01 8.825141147701763833e-01
8.866181214860467952e-01 8.799592266087085113e-01 8.768044144294612208e-01 8.757865617212213794e-01 8.763360388534788825e-01 8.747553013079387707e-01 8.738595070589341152e-01 8.749493660011050666e-01 8.766655198187711662e-01 8.778480300224738020e-01 8.780322467927478280e-01 8.774383775204621649e-01 8.765614809253414741e-01 8.759633083907242268e-01 8.761904280662058397e-01 8.776538708454382220e-01 8.804558590992260791e-01 8.842345726094568148e-01 8.881788883603809470e-01 8.912942913353123497e-01 8.928076880390298786e-01 8.925417670305406670e-01 8.913185363068237832e-01 8.916055000062433900e-01 8.953422580600566283e-01 9.030645323892152465e-01 9.164439479837795943e-01 9.335927113967883439e-01 9.502211243034287547e-01 9.618080947267413361e-01 9.668926333789074068e-01 9.646125145996203853e-01 9.587439984992683906e-01 9.546431279759827193e-01 9.509745875930976089e-01 9.408916312306981888e-01 9.223070290718933251e-01 8.894511987047331036e-01 8.397662204426660226e-01 7.761371257217255515e-01 7.102813866173801616e-01 6.498191225739869958e-01 5.992846677108605302e-01 5.635553129818495766e-01 5.441923073725659643e-01 5.370433686570763587e-01 5.358837544829430088e-01 5.347767600951746081e-01 5.335947793220602309e-01 5.325234218337917547e-01 5.317208291016354282e-01 5.312665455128529057e-01 5.311532641575290592e-01 5.313264213213754195e-01 5.317253085357516174e-01 5.322985195584466478e-01 5.330046332983138235e-01 5.338105917705542325e-01 5.346913504563953756e-01 5.356303369351027577e-01 5.366184817276331565e-01 5.376497543642813071e-01 5.387145379415989588e-01 5.397940681432347176e-01 5.408598526011743068e-01 5.418816276889787398e-01 5.428444346041076951e-01 5.437686609741849697e-01 5.447165032025768072e-01 5.457705045913571196e-01 5.469951757584545771e-01 5.484233075263653667e-01 5.500835221689632792e-01 5.520372155897613764e-01 5.543603215131187589e-01 5.569558859774164095e-01 5.593200779816946966e-01 5.607175371465740188e-01 5.586166433599282222e-01 5.551544934673654508e-01 5.579955712027611092e-01 5.743155070889538472e-01 6.052323377941418725e-01 6.477996361022757554e-01 7.107664186989112176e-01 7.840461186667403437e-01 8.391799953437675264e-01 8.803079410042976560e-01 9.136909072802894549e-01 9.433313173164677989e-01
9.578777797393321913e-01 9.535710984206751117e-01 9.521230810485571405e-01 9.513929181996091389e-01 9.507936144051442051e-01 9.493642072648760255e-01 9.496154074949544333e-01 9.509526414055495813e-01 9.522863379705444054e-01 9.529547518782105486e-01 9.529132649147039613e-01 9.523882598743801386e-01 9.516780182298012480e-01 9.511172075167870776e-01 9.510482275312439615e-01 9.517702826787003412e-01 9.534316524718703389e-01 9.558893193056805515e-01 9.586356839587824030e-01 9.609093114626289234e-01 9.620053478759885701e-01 9.616295123509452925e-01 9.601388424188559423e-01 9.587618499390329063e-01 9.599904857342744791e-01 9.645324943353101865e-01 9.714003770922019498e-01 9.792380950428696273e-01 9.869813674984950769e-01 9.932445443455535372e-01 9.958560357475294555e-01 9.947235604120465702e-01 9.926597320669721114e-01 9.914080466890146104e-01 9.866149786189153392e-01 9.743964762567065563e-01 9.515131837711041651e-01 9.174404311305973669e-01 8.713081217614074836e-01 8.195200917401834761e-01 7.698415259182226356e-01 7.257693798766848836e-01 6.928986243550031565e-01 6.758538262581270661e-01 6.717393829072711986e-01 6.713729685433014183e-01 6.705709391635451544e-01 6.695432895872180934e-01 6.684268125316655818e-01 6.674165095249712243e-01 6.666753505267893898e-01 6.662733802642307746e-01 6.661874809702486022e-01 6.663579052776968936e-01 6.667281960446168609e-01 6.672531930607831230e-01 6.678963101643412559e-01 6.686275399458381230e-01 6.694238218722586842e-01 6.702704298193726817e-01 6.711604924076033374e-01 6.720903882850597366e-01 6.730530378918191392e-01 6.740318436601524521e-01 6.749990931319570509e-01 6.759230827058834157e-01 6.767846725426567289e-01 6.775995602940519946e-01 6.784292673209042501e-01 6.793619086993859524e-01 6.804635453537912770e-01 6.817513256402824018e-01 6.832293614593401010e-01 6.849470334270155725e-01 6.870213777974373270e-01 6.894789992737916373e-01 6.918649993475631810e-01 6.933151843531941694e-01 6.909863158982830766e-01 6.796955184809749806e-01 6.654195204746249370e-01 6.648423189692811430e-01 6.789988236613796468e-01 7.092460185892550673e-01 7.562083448854062251e-01 8.145891394585507150e-01 8.690341048663495771e-01 9.135147018706163413e-01 9.519135419094462147e-01 9.820071974945676629e-01
9.927637910878982508e-01 9.923575371098848352e-01 9.929380280096373745e-01 9.917797830629894174e-01 9.911268325723175954e-01 9.911220777663570791e-01 9.915941528851186515e-01 9.920791509849189449e-01 9.923705803588896979e-01 9.924690230043535788e-01 9.924143221137329274e-01 9.922557811716405940e-01 9.920492312958029135e-01 9.918644192574955776e-01 9.917814775188659171e-01 9.918755225806589193e-01 9.922025063297389424e-01 9.927730644413427230e-01 9.935059221720212719e-01 9.941943595465599914e-01 9.945600878102792697e-01 9.944182182828400496e-01 9.938410284223988533e-01 9.931508204196698442e-01 9.927810516539627983e-01 9.933179268322342992e-01 9.956703395887244179e-01 9.983139783315099214e-01 9.999220478481720686e-01 1.000000000000000000e+00 1.000000000000000000e+00 1.000000000000000000e+00 9.999889825522458864e-01 9.997764749798612183e-01 9.974159127849701045e-01 9.877044107629306957e-01 9.685750462760746027e-01 9.393788446118677138e-01 9.037533952202677634e-01 8.669273537393292761e-01 8.317503309796114852e-01 8.044850443097819603e-01 7.900686207605935873e-01 7.879583896409284582e-01 7.888777874203379836e-01 7.884484080435428810e-01 7.877373190315859475e-01 7.867943775096379877e-01 7.857821909441464747e-01 7.848940303971740917e-01 7.842675612106440042e-01 7.839420327536137378e-01 7.838841687700470739e-01 7.840405833440911021e-01 7.843644605490478483e-01 7.848183554947595342e-01 7.853711524763763441e-01 7.859967777740306527e-01 7.866752868553726907e-01 7.873944279475445507e-01 7.881490104046564582e-01 7.889373385734416155e-01 7.897555881677703615e-01 7.905916750264275761e-01 7.914220971833029195e-01 7.922163256708384393e-01 7.929509874875738662e-01 7.936312073776752296e-01 7.943067336717262172e-01 7.950628636346077638e-01 7.959777339491747039e-01 7.970786965669911517e-01 7.983526686837699726e-01 7.998082402292973070e-01 8.015271625131817901e-01 8.035873024614778037e-01 8.057504503429483433e-01 8.072930575817161003e-01 8.072936702516293472e-01 7.970378178353016985e-01 7.765448687951380657e-01 7.606647550062863861e-01 7.585836856529182270e-01 7.738705596504213968e-01 8.066356714884479473e-01 8.495961066368550307e-01 8.948816203899122579e-01 9.380059781840810462e-01 9.776118123965537032e-01 9.997450095409937676e-01
